name,bunny
width,1280
height,720
